4103418684
11578062616
47737573562
64749594879
70629224811
71107875672
73477726166
74129844066
79669135266
91867445687
138766275593
162894644626
173363439163
532507955246
546886741495
822336818080
933664639910
1020112556886
1042912657701
1080096286241
1250525019092
1280119558057
1329846548755
1360792729849
1431051928474
1448162012020
1522731345391
1564047889839
1581442245046
1589664999330
1606738022838
1833051859011
1948789273484
2190551186677
2264705295095
2315477137076
2324091913201
2425825720765
2536398919491
2757157168917
3115853211040
3577875872107
3756612456042
3757431545611
4119812024340
4383811321416
4442166160083
4447581490835
4467717243545
4716807310007
4737017274360
4743422412742
4768207534548
4799188718050
4869056417204
4974695495805
5077512893141
5178246942729
5205060827601
5327592208212
5388816904143
5406522442513
5441444860412
5574630336844
5783472059178
5989807163203
6142816293245
6201573556108
6473892240516
6506111578925
6632019496341
6655089020416
7080024291655
7155517404916
7221026679293
7419965882818
7665042813969
7687718950097
7793633136457
7811960326652
7924513396330
7998957565061
8021274121513
8142347945819
8637633416498
8703286795680
8878647241590
8908803674791
8943494786836
8946319668388
8981908333884
9042629596437
9086639120385
9163542802478
9180857188829
9368330519335
9404368752734
9701714191221
9752973567210
9869388914804
