4818557793612718383722682944652
4731316198471841364759825981249
8395211876488251752571144382259
4229683586735498783387421167692
9836345653911743225539364944664
8857511584488555726477645612265
1612611192229843773455629449611
5172365228438491988327988362846
1999238871183427392689783952757
1565575757232879665199942256168
6551264927346565832523477617393
6835349769679965175226911764827
2864787854691245824291925534125
2128971562671789624871334617281
2366955558372377296332267777873
395149958738462@783859566994622
6146395336692485586227463282894
2881167979139556424918224733642
6685432587126857225898638885519
4183121169362484757992753436386
4244361631256458959487239385381
1958923778412281723817385971239
8873865231493955618443877474542
8317921151364846644179468296624
6249658125319669132717383213512
1672856263731837477249865676831
9682797748328649531764662229799
4721971816588811721275344583422
2256641153151416456226449163267
6838374248493174164877192118645
6249216254653277363636695636474
