16261118377352872115224526882284223145433468863664471416141255731172331232138647477516112531386656354
61152363757547213644552856167871153832243623382428425562168341445153627815413252621815881713331615451
26144134175354588142716622575365337668285558124555484454111282477761432535115144161318466148146655431
14582668158725558244834672546727745544642632722275713461636366851477751871722887113435724661548144332
24114271177776237144222667244188278642778178336648581537121717776551383485723378787363283334177341616
62887465316172255142816272515518742333386171643256732872327831725618354371158616826474861237554617484
32771314342345317772278153128353135167415442474776328273323654868474121681872252118342145844831464143
48721468337437637434233217636525315347615136453743426135611825384856716157712441753545788331651847167
31465683282776247185354174553284678717461176771142871478742843428457217368136445334662216382142563833
72114636456458152255456157821717573347663788544357842183781868844164463167413251183245217646743127371
62775437748438216131322117144717687866518631448687468513656736757442863445225145277477541617125184536
11464115548657282266157162674413724168831588758584457575679163774441284284658263867235777278624744424
62778277462668242271532453523465453177198894767489684549649469647424754343422371443146322774583546644
42756534141251377323471442141812481499467559458775579788589467676428352418553827318375426462827651575
18563328175712446732285717178354826548454554487566449764686668687479118813258247354434213141777318686
25216238253161173428757281713638457945454846945689776566967997865585548361278165578851887728368184282
57752412564134726272287518852398488767476787558959875785895855775698579815872423215215781468437161642
63172428514658817175557342566958995866467674967947865578464588448888557648844447756278285677577483418
14882236668516456353434685745478589879956648849875657496656488946976847469436145824484866364753167185
51751768247771656881187564946874695647565757476675698998875574745744479896658258567551737633584124821
68551833564655752324848434695448475598747455796966448584547699679864557894474456654121235587214471114
75272533755214535616176474859676479579984499764977588657578796695966444858954445335847823221115511187
21268847454487833581559677679669849997876786978865794887949857567679464888669865334726746761842468744
35885434814347232267279484655549795956868795855967445684697847659745944847464645928833121745485653556
32323852784515858524159778494647459996797595458869955588964449946458587845655745481234712445772368267
78633381254223725248679965557585875997565489945887756884898696596866944866947479463665836231875611271
25528812315286718657557658659654695487998748967787575696687599597848457787794678885752482547348473587
36873671874166842596745575784758559764984948884645948499498644974645694587575668658927221313654137166
85177164158375113667568776675899799694754558968775884448464698948777944776664467587778248728146748743
76353125313712884597774747498994454649798695654766476568779784589989744685898967869692523117454772837
57811117714564159888989667878567986654649696848974766849455977658559695978877549657468427448721434511
21271886433534587764794779749787645754797549699589646968666876994688464458474854678977382158826477738
24855248715757169448895655999499985878476755446657957869457465488776545988566987479757667186711117138
86874622447645475469469678648985755975759954774464557987694645444477795767964688989777881617643272616
81136762157278684847448599774768749469575866598599884498785545855865445874496976855997791742247428817
58185328217221947784969785796866754569646777497494869977699456748784659945896784448545462571773528764
51482257621255788965768887896445975856885475865994596699989455596449984687957756845599767815755214464
62467383375135464587887896667479496845657887464676966476965896854568944579877844984989599618541255678
25226466782655788999446997745685696956686884484968698697988959656579764994449845687997784638583723682
83584254654394998549669697644976646894658996664575477867788764685985868598994446699844895421841627126
73126571525579965785975849878698957797857976769494846988564864964678765595674877468698457887421747432
31283511166569475777867869476977877485545566695578667666445876899647975494855995877599949774112633388
62668644161875786879857695994854848467679696778789759945755797469554448787464956679948557978182461624
54366736621498878668848485997657658686744979844446465957694594568464787874989547589467996665828186335
61115224686769446968647466565745455885498597868689679479564875874965686964558579967796767992268837452
41468717118648878654974659876688987847948658484957868476647476454857746778687757858499974548621668168
87858868672844877498669745844997697674546685854988676949548777654999849694459568857464674557134715653
82564366112846578964666674697876686466978884898675999879488845665488485886495465794844899774682778841
88875867116697645787988854486949657879646899767765964676784895675845448869874877946866644668461587287
84151432775778695656978964587469545549644549545889656658584857978669747797687674966467679946776433666
54171663513996476595966659694867594584849458664496@65978878947897786565949798959586968859674643411715
31743448287974777469597464476999697696778889876754948889789476667546665688575577584748449895477838124
33814718451468449875657966596864579779876999896756785964486749949654955798454754465657856468668276618
66418157344644899856554666874798885479448589964464476574879468464688649579446748789988549482626854323
74754478418669764898859475758799555755467459486868968994955988958466579998584755549786796648351187425
34787726461859664965758455848648654544749574779967885467569789595976968747698844685699969696725217631
67548784316666475597799465879584668486648778768479987964748489976456788549445864767848597576444657356
41267186535595656779569998785797496588576969685848654668874469654774687694475558488586695774122238647
26571431338676585694748976577969665489699597468476766676567766994889447857679767965976948661478312743
78473253677594956474848595974778456864758865578568546477947949747844774548668995668586968445735155783
42341687364447969947559549854778668797686557545588975948648479668445759686688787889655989658322763864
81641843724245578759746989858994978744644945588655469777755544887655675964994468845589588646672146766
81836228243664957989967864679959455966859978848945648575466795589468897864546446589967978714112833673
66443815453484449598979795644546458644577748586899795657457564554965796795697578569584894257684877383
28465143428839749479654686967944766949947489796568954777996999758759844487444465958654584633811727472
73664283847424445698866875656597487578649577478978846544456987457598458586968867998967896132252878322
44643238433425889448497674858974848565447777597585947459757857499478779457766669655684667384823347627
51633553714258685685794444567846798476989965746555474757959599947497896598487999448785855655815713328
21411841547751255984895655567877698555886986475874567746578459978956864579844865656875576657788634554
48756354616272754856675694445744995794695485456695854878876987589598596456879794695658733868283717777
24348878178111578547779558668698599484659645479657956748454879698497546886858977747749662232462333641
56655571774441545698557767979497967855755856795588786796769598565498594797464785494978116345865431578
13534843481741862988784959577468649956847594697599875848566797675688796496678686678485356113162486172
58762751234116846979457955869545679656857959457669845597475548989479767888755477899551274621436527683
82374426714134276466885444456865478854769888755659894544594599579754547675945558594914786387887736472
56354877674421856828856787895786576685946984667998699896966456946688775568576995786525346766442788747
41264871748758712867787488464975768785557576776867585765777887985595684667955897963378842423532787473
74487552857782544264368984588986749484569788885856668587448956745897885476958695432257638331658572648
18326353858481881632584584684447444776656485445976778577867564648947684585758466518131281772284656363
56631722642421325383414966577499559877796754846657966899675485976994748556546867815863317177884374566
16345813272331568233572856967448795755968766885877987648999498577876475588987947554235182333626131385
38375856756816288848758325897875889488658685779566599467888757479495595486465142184564274528384442421
48386212237556535344715145699894456696567576886589988879688758848759499695693744766467465321163828835
67485355241283423685132163448459474679849946745956654457668869597788576459682177322481153335332474282
52415877684748281646187456748988857569847464758599596645475794496497986898657731131621628687278487173
62647212717362528437152114745458496789655585879889874756668554558877486526656264846714336364358258813
42177525377471122354171545577218965895797794754694448784475578797958461517145847264641765584441447731
65386331726441457713534448562333446765594956645767467744645458979966672254832636332743455635386243554
13571726671463122277842781611718723389985779698544857448466458775978764754256447384656535263484862381
44174768712452772382367864537647535154384995696657887647967755855258823514682652544681147463648442448
63712772616431781643346611727858185288841377646545485989645326488456166347158572443153713662482611644
83143246765256445662318582325428843687584327833458826163328211211682317578363838126456647512185635434
58571158287814145337832365213716354542737648388388217232474535183277454267548512558768338412655667883
67514851761366667213254337835175373334337446238752256562317836375135386171634778672362366687352138237
47321557434133157257153447752788675525688383123585246767582685833757748881172776122855545645788117816
55381436178782382455538374352715774733738726563828321155423751552124184384655582871885415414665871451
34671534478435523231381331624421784811168538186182821538765744847548738887444474257671421147763883716
35348433323823386756846462611755643614876517147347662486444686584544413873547683678431462832552652125
54336227563356651641785112121887213857613261161265157877576161585643366337621423378638488241523255565
46315138213217338644533363338366816477818537211683667413814766627525537335361311234461763132816618114
34125411151835257613373618432848138472637473814854781455826444434445431536242454338254127886865373213
