4665875857648447456484487847544755857457758668464435454353557366554374453354346457677366766355534534447558787478787657854655566545755885686646644888448
6444688486648675444678656666578586668778656457334335446537357547363575733566674334366744664675765565656545764477477767854555684548677847744755764885767
6587784646888475744646748556556545665777684547644545363766675374576546775735635344343336664574663643566746574764564568456786844665588467877777586686778
8878847558768486457775674546776858888667685547444755635356466337755574633547753553347664737755745643466635756866665655468576867765747448548644578748487
5654784765775674655654467865566577858654357663543566535764647664573565673734465765443454643756477766735747455667545848764588488454587874858848548666655
7847758754465465856557474775778467665553737665565647465357373743776334443655573734436673475665553337353664466456576654875546586675557574746856864567644
4856888478455445447778677556644767887746443665534734575677336677345663466464733754774747674756663756676676564637556758787678444867687885654688485545685
5867656766448858465588844744864644775533665364773777634744344533457435443654353365736577757654566763436676667433734434647557566454867755748545785664767
5566466847764684468775675444448653454443757566373533637454363565343576774111111175445337353764536654557565346535773566485555488567454677754876844886866
4867664475577667884757786846545376644665753737464457533747344657635471111199999114745537445777735436445533434576763433757455565488475785777488475747774
565666884576564688475658455768353457676746546544434577434755636544453199911S999914353667655466465653777657367346764553766667584478554668458455758647847
8867884887874748776478558667766475534337364634755537734453343476664761999999999915453435476764664477566755366347436453465378766575768645748878456668787
8487867864857586768775865747643475373635557367367763774334555373676551999999999915755747573365566437647773764434676365446747474767678658576778875676666
4676758646674776488545478863444464567655435353663554456474747536443646776999999716365774733353744444444534636773735766576376587468565486887587478745766
6558787574665785688546886443453774653433334434434645573657556767675753563499996713455575355573634633375745633634354563437364435756484576645664584444644
7877455454576486768687465754737353764377376734643566655365667653565473765777466444674565756343476663744544654565457757356534343386658546478787887667867
6857876546776876667457367345354474465344773765665757647773345455475365676573467554756743747657666675453533654355345546654764435754886646886488666667448
5788474456464546854866544455436477733764573374337774753336575335563636576474744435636745744463535574774647333556756667567557337357857685855557786844885
5876877655844777878764436675464333767756377756636536437346347654744633545577543357566374477437345653443456437677456774333654344654645685465456748748878
6745484886867756446665645776345474446744737666567477334474345577664557435665433755447476466534665367754437476457554335343663567737656665764488846588787
5684446778744664444347455354534743744777576756377467377765536476763763373637363735746373764477354445675367455473547636673666445555637544446657545687887
7685444565784647863666735466377657775747765665365454765475374664435635755475464355765645465565576747357766566453775473675763775536666376548568878867585
7664456666545544463354537536343467563677477547773753533555564543566474473325447636336353334445666333757753746456537357677544744354535564645647666757688
7578755754747566433434453656574457657753467455736766355676433647726543543646322663343573774465534336337544477745753476344445363534537475686866688677868
5676575855575634374363446346434646345577665434743454557363636463523326243356625326264462654744733357463634746555375533375564733473443634786766667567766
8888784865667754366765533566335757573365644363456464663475232563563346452462523625365423245425477535365445753775455663657536644645536573565767748877484
6467476475674343643344375744543643766374543654755564636365424435462233552346564563466335454662255363546534767776463677354356763445667333758487785765885
7786764876755674565657466475377643557735347533534676346664363244234446225236425526262533564243463335534656355773357755634673675754756663744846776545655
8867554887573477355377434654747353666573574663366472456425454432442624456333645342524325225266224444665773633463347746743443366367575434767777476767774
6665447878867656434647347576464773435766777564644443322523256623364522246332534453535546432523624565565746355736334477734353636765477463736554586758887
6575564448536467446533753764776364643476677737645546622436635544332254332443544634545645265343625556234447463467447666337664447474746635656576658774665
8567575564475553765373573737437473765473744473562462355334355454235426664445223465362364544464444552652453343565347434545666543555335563657667646467565
4564775783374553564444546667633475436343453553434366625656324663242346464433643556563453362324352646655255637453437675737675473573754545577547475745787
7687646555667764564545773355377463675745556632444354324326266522464542436445354444634565464356335245362546235447333746374346534374633465336557746678676
8544846363743374365667656753554734454357476333656234644556526535244642253355336356635255346445555622434543534477734446756467767455563337636563338457876
6647744776563534755357346334677347756555462262465262244634353324352336553643532266232226426342364233353464342566365677436773765536476447774573548744656
4656447374533355556533733553763445736746344433426266263222222553355644643253245266353424434423353342365252325367647755373443573534767754666766667485655
5578566335336476333663664654454335573536564634526522436443366655345263645444224546543424366245462634563355656444744637563436454454454557763377436465764
6766564737566446447664463366563644333453263534524634463233632545324265363555626652325333456246432344244264566653253373745543666365453756347356437578688
5567855376445344746653363573363735744563335666462352556436226646354253623623626644563522465535326262543532233623555776353753537656364643457565764676755
6466736536537734434755666774565665566555325444545422523354325335236244554462323466533563526644656323336434453223644673334574757637434647776346735375576
5855757757376447477746354435546463335565266442434223444344233346625522325523435553455444436522632422353263236254524436765667454453747736545474664375765
7475665647575776566474657777544375345435563226663445523233666346442344435362444222242454365564456424356643364425623653744667663443565753665757736573868
6847537435747774765374634336765565446553666323356655363324422243434224532642422554423542425645562646463433646526426524475533443733773333666376464637788
7437643476574755477545544766654453665455335254242222433366454233556434453554244234343656523253644556546534252652424556544675766335535444435577455766778
7864773375737454654574347366647622525253255453522345543644543232555546354434435625546526362552243456635443566465442324573644653547447456333773446577654
5377764737635644575655573464766664554234654545425262236563432242544662323545524654364224232454566454562652535424326562553664653336745565464573535537748
8356737333367666474764537737373364352656356554545656656335422625445262223525465526463262422653464446645266452233345533666735563474467643747357534356367
7444537545463465766777553354462326424535344254342366522623642555432334335343422523324435443636463254434565363236425325563674444574536655345647375674344
7775735565645776774436557343354252336555566454243456435342645436223345553435353254623354256342366246255635435444344322265233574466343357346336735353666
5434635545674434764543665374462224434466645536635236432262434444462244233352544353226633545244552425326352443355453425366634333754476656345347636336467
7364557655673673663633637656343656624534545626534223663636432333334354222525422344555342444555522634443664356245445523632337443536557354633564363633653
4446333736544344773733575547664554553365532422532566466456545235324454233432234225443552545225433633464634626656362535223634566367347454674373376473457
4566453333355365435345566743655466253556322224356553236442665222345322532422555532454224236446244254563236566534523344636366767543576374776566655434677
6375376556335356575557453672656256532436225526234563324635535343252352342234333242442224352344463232625436325625265426555433773555637666345373475634465
3473355436653335643376775562456654526646624363246363523434232524252555343553435522422224254436236425243535253255555432634326647435537356554555535656766
4636434663676473565534367755635622532352435242532353525524534443252325543525235554555523243445425632635235432364535233662444264757754653367643437367433
4367336656575434574355335644536422223642365624442265443334254232242524225535554223243433232353443462453533554522642222354662237657664463433575634356756
3376676366667553455757346325323332435522465322323655325344432525455253425442545233434334323245553424535622422545362334526263555547444675437747374353557
3575346755353575347337776255436443533426444366443555222433553232343524342532424222535335425443344634225552326633462334232522436575477376767345645654536
4564477577477546653775536533342436563625226433424642223242255225343254554424352454254224233234235623322523423665364323543244667665334565467737645434357
6556465747337757357756562546253453242453626343362262523235533323452433432533423334542525555354433264463253453425654462654442442367673567543666733445443
7466364665544666635553556526245524234362525234524236522553322222532335524455424554543325453222553534543542523664544645654655523535635366556474653456355
3665673466353737745375365536444636542562345432335324522343434443354522225334223445542242354423224333532553543363633546564423354446534777773465555766637
7334637475367476537377636445622532663365426663664252253525335254352533525525232542333223234544453244345523244433254522425523656737674734743737737547344
3757634546644567455765524536242466552635536523434645344543245242255522554234322224255544332532254545345236425556463642536346342255465635345733657734455
6663536675375465644466555425543624632326456334434634535224445543423534422555252545453333422333234542552336425546453222362362656453377546533567744736737
5547654357346364757664564352366525656533354642523354325223343522425242432252244535522532354424523345552633625456653333232464242473534765753575643776447
6736756466764565376457364355624444364443445326643244244422323225522255525455323435443423552355244345222552546246426332426355433547574573563557656646676
3765373433565773767675454264442536632346655626664343524225222532353422224223325333323444352442444442532226445463563236266363442673375664443756344553555
3743663353777375435435323324546223324635235453354225423253354554323232355252222553554422332252452442456235535664245665322232244456647565334343665774445
4544634575364355466463733434454425542245435465466225523233244233245432354243223452444244435553325244345553242632462536326636646465334436744474466533755
6646734646375557376473643634244433335434646543566222342554525545324223424344344245244423352233454542434452645523552443266546252654536736676336773656455
7737636455336454567574542663322362432226326543623235535252345325452225253525442525532323354434324353235536442264424353242523524645774535447467547576455
3355645637673467737634645453663344636266234555236344442424524245534344342224254243522443233453443534244435255236565433333666433345365553637676534575674
436766334736433457477653465556562643266255636554332225543525543325245454222@344325545454445334544532554666665423645245322456624267335354464757737446736
5675645673765377354756324622455622335336523535254423232522532324252333253499955235353534342244343355335632635626526332264666552654574644477666673647744
5564637557367633657667526434242225626256522645245244334525432542542233255599922252332533434222232325533633455426655436343642265255743336437555744653556
5554635333766546334354445634226362254556326353665433533342522522423242442599932555355254353444344525244332265262255442542353262235766557575564465744346
7646677543344374555346445665523434333533353634342354525423442222343253242299945254535342443324432323544422632426652323255352356636463555645574533675443
4564545644774453363563423345523263534253563554266353243224254354225335244399932554353343242534543452454623653655462663545656234647535765444474355635735
3473347464546547445465733246255435654532643362565425352543525234334522324599943424255525242454235244252463432343335654662236335436743577565366646436764
7557466434345456456465323556643354636236452252526452225335233443242232344399953343423335525523533425455625653642445346245443623466676566466475666554465
3355443577767665545447735622356525256565426243656623245444322455543522553399942334222553242324452332465333452665425444666363463645533653643766747446436
7466557367536765753775444354426265563246524564255323452433445344234533443399954453452522335524532242433322243453332345666455365443366363334447456444643
3446533434577565746464746555436665426263432266245643452325253425452445433599923443555225332543523232355444564566222666556265342333675677443636437473757
4447534546367363364367633453542466423243654455245465325455252252323223352599923324544243352523552425524352452446666225346226665543744467574544343344674
5474573644673555477746465544426425446426454234425525355254533553442525322399944544434554444323452324522256253234442545564254335373447773355443637665556
4756467545767555335453556662225565226245464233556465553455423424455532445299933423455533322223442435244533525644445563333435665345735755455373377566763
3665543636776434554773774644446366254466255654322263553535224544254344522399923352444352552424433342435465252466335235263632463563637656435753635745333
6574633575435773534746744444552252265654465456362462223242542345535353432599923425434225453433245624344565662333236442243634234333657636453763375746374
7755637676635553347654435422534664522544563633364322635532443223254342244399934334552333433222544624645666464664236425666325467574634474537633765667734
4555354734465645756355766234435653536436363332534554663354545542225435453299955222543532233335554665363333452523543243643465546647476434334377346757743
4377454376763667463753573632262564334533435463324624463525452352442442445599923334435234223333532222553452362223523655333425447576745676655333337736773
3536555566364643576467455652266335522362334635662642365243443322332323232599923524455345222333256634555642356646562236226666346753777657646357635337646
7744637335643733565754657736234562644263525564636456422446333223333333544499954435454442335244344662354454625262643535643625637744633467437744756537456
3464667533737775537345565332326365324645642555243432434534353354245523355299942242434424522445642433235552325354563662542253365764455334343347353435355
3745473474374554664553376776623425335624252465232464652244663353532442433599923445534422234636444453454435364343662553623562435736333746335667474775377
5377576366765445346463375764346666426336234523466433252554653655542432532599923234454223233433435245362252563663263462326257434634344365747773336637344
3364365355664774643455733474223423642234234464465456266666533535244344455399955344523533645444453365522343463544253662343343767735353543666756566556457
7563735765745357753756546773462336555565346453564322655544233542543544442499933344236455355553223364264236256236236254652367663555666357446546444477376
4454443533667737466746456463536466263334336364362334234523525462466632234499922442425663564644356326523354544342444446335376476744656337334366534354676
5677754447334464557646647437374653334642656464525224542536352345524566654499954354523225534642366653564464656335463442545556547534335644457546377376755
6447644756476347355535345465753626636232665644242365553344622555622443554299943553333564356624462252634454653453432262244753556736635565557353655767357
8546444557653544675757335767555446653342552433562526534654633445423533364599936435362224344224422265246633235663255555623544336756646563643533337543535
7846433636676544574544436636535633665224434664333233362332222255663665325499953246352655653336464262534533326353463535377373575355675656333775464744766
8556453767664537433743573457633522422325245663333464554562323645663354344599964534263653344334664442624246336245545346463477344773333766366334545757758
4887565554567655675773634364675544652665662663224663345336664624455533655399936345656556422525256425244452333236362345344476636454564555364667343766888
6583665573444773757676567444454445425335263263245225636562464243245534225399963232445235532632552235655322363432652524774746747343744335534536566743554
8648365775466373747557546465465566463552545666226356624555536645336553656599934324235232653566424663652532432436553557673477367533644473367574754375545
6878574764734663644457666363466634366565235536223552235425632626635362454399952342652643563645654554442233353254424576577734333675547375457777473546856
5758654657374553674735374436446543547425623555226454524222236445252253233699966266543533662426444624335534566236526577537664475334365754466637334786875
4856663776437665637637545633375777646764556233353436566232664343442656562499946424424424454524624263444542263345557534757637643465734654456644776676666
4765686564637354575374554557457753636733633444656656444533566434642253364599935664645343366634436455243642666566534773645535536536664447745637564887648
7587887347776656746333457573647665645653355233626635634544435454542254223399922324563353566334456324242665432543745374465665675364635534444543434845686
7675485437374574354757775433553443757636342552264354624334633565522262266699963236423352262666365633654646544233575454334333453665334334375564575466588
6866465666436464334336636773767767366365346552432344235635246664363333625299922552334453666544355363645545423535667443666667636756335347636354548464588
6555464547465647433475763454576343373465355526442323462442342354322634334499932436333364553362432354656262225757753333654333556357366653564574766478844
7655588587464645365556736653634776675566673363445344323532526222456336434699962326335443525434464624234554244565356645435775435775735575677436687457447
7467885864663556735435635553444655354463755765424643323233235464262635632399965265362524423342252322542435356743546654344573677553656536563477668658754
4487674656345644734543765333757765753566544333663362343332536253326553654599933232244346544346562642434674536377353474533354365675573663575537478556755
5645584765754636734344674364366766377446574554463244654633245552566426342699956266646664624445635226363767573563745636633534553567554345353567484754767
4567445768844474547547545633356675435644555645437672643462243453352533653299966523623435566443535622557673445344346336454544565533455354554478674447567
6658577454876333767534636776434467367376465446363637542444522455462554644599944525455454625522236664335576557637646766537667675573674473543455856568687
4544447778685766333633733343754337463357736343737763465466344464326324544499943364656244656243365456633655465566656537475373356364644533437655864885456
6786575464667874333647476374635733633474476766746666665543364443253424526699925625656624535255657467554433335345574333533435744433467754467666576747677
5667477668565676647634453577756466763774565373533334476465645335224462643399965365622644624656555445757655544743466747564333775766666374666774887746587
5446585656486743764673736467747374533664475556465555765754676635763464644499965454234655376567537465654456465346366447557654446664674656654676557886547
6464646785844776473773466365444473777446367437755534756573535363766643553599954734567434667776443333346644534744463643635646643734756476877755756475847
5578787487777675753363446477674777456456347473356663343673537465434373655599954363437737677533743433773637337733753466336476463733564774746456754774458
7444688546587484456376667675766664355435436376437647463463377346665367656499965354573765777446476763433636654643364654754576575675476585648666478646564
5588775874855684746663634676673467363444366467737574747333366345436647455799943757563664575644575553547476444744577554476543536656778874567476445465874
8748447855777788477854354373763374575456463535357643466577347636653733455499954674657545446437344576533363666636563473765753465643345755887887775886786
5665557887558478545853664567344376677453644345746564767663477467673477565499976546463774463475746463545736566476754777475355563757684886775448875656466
6687468578688878756664445354557646576465637564754337644647537737767436753399933574776375754535453676737776477433734374773545456648457487468546647688557
8655876887884477474785546553446337637673677636773533376646543565454463447399955674434535773643466343537563467735565666656657575447686665848674684878456
8876487464667666647866743736646644563564553764447477576353634656767537563399966355566773737736446346575355474366436346656656477884688648678476587547876
6468467784874887685745864746364647777456747334363446466776445775363766453499975553363334433475636363567443744733364367777735474754848674458574558676556
7665488885674455464444674666635466773545675653354667755767757764733636366799947655466466453766534633744377664745433434543356675655856475465688468857855
6567768545847774656775687757547737336643657673365437557753454553465675573599964754463764675434736356555763564763563456547464547788775688766884767485765
8664877886455465758564666647547464575444473456347764646643674564453645445399964574575633567467665675775734336376355664744875778674685888856476747667458
4655755558667784655854476488444536556533763636377664666457534545575336555699944663536663455776457447447377756757777646745484558666548588866688445557544
5488865684757466576758445885548783445536664353545753334776734664763374564699936335764433777453457665335555636765633633466877877758457547566677447645675
5858666658884448747877565646777467443777736765656434443534353357745433555399956743334544767353746454653466467663745734544488444486564654846878677577474
5777548444856675458758868855754748676446337443765353556337565676673453435799944356777577433547575564743476677475374778857677444855457648464657754586567
5545688644876844855755448785746657678457753763675376443646745333353664735499973365653563734366474545355673336374378468577877666858656854757658645456867
8466656748555688445678868756548584865747365765654356336543335656464657733599936653646375433347673653555375463467644454685865648687678857658786675645784
8744668464786445467858548665567577856448865344436363353357357573577644764799933657373475333436665553455533557747564546488776584565784886646484668854758
5487786568577544584785756676668884645555486663534553444374346776736573644599957377436453464474754445447637574585464856745575687544567848474558648656855
5548846877544856566658647765584746544474648874734533354656636566435747636499974757457473567777457774437378548567845564584685685646856766775758748566548
6477768446578664455754875686488565747848574768776444337564744667457574437399945664757753734556334634577687468875555648756854776544684784874546457686787
