7552297414364771529941537438436418353861111188648731343483487453579792875599191258272678947367831287669913745872838571346351438114787672824267961785737599878785291147387974115162463389977569761726696726
1564139884232286385995791814689978811111111118892347733111111111165328675238242782354912237963355411111173421281748189397557531977111111111116926158445111111111787611182759164862675114553941111111111185
9653111111111775231631111111986561211118177411938569771112111111111378471111111192818979728795759118988115866221111119256527678111192252339668686318711194497911115597111111721711111781192111119472119365
8611111111111113877911117169197636111435444289721893332511145815111139665121111177798968449426653121514129751911974713656444671198939815621271939586118416644151114811125183476569711173491116576931597971
4811122563527411197174111946711299321128451873229211851748117944421166584121117115758691428335472168194137651616762218837389411728465889211112882161774697925141181116156955167411119321941111395359674416
1211718121184948117865331119891149979111253767452188112538581186521112471111214389769465978899856113724753813597856514167511311158171111552466447514716839612711545119256895795578942623615919114974949996
1711199276211113851978655766241827971689958632897121234584793196681119217711159717472218565111768511296883992813963613136221911111111547611116566811171111112114612491111111385711766631674313574398765944
7611111111111111111854622966583244138387446897918111111111252586411121624811114224395125375186789278111921942465529411922711321111981111117111138313145228491112947167799296771138519521468411153256377283
5216111111491421859374821891111111119451652718111111111111116258538226278341211171711718321198276414119612557111117991337191941343919181121515237214836644183125946173572941111116456955966111741114666965
9676436342797642843769796511222222112638979211111168281173111673435781111111111111115963598193545319712842661122125864111614889911197411583945326727848118873291935577861112265651513568211854341631674752
2398831859334431119176359112111111111157269111117457568291933548761111112214289111517846643711639367297777111222143667864849498111197111645198123561711131132532689394111357185512141251188417855912173251
8372539661728111111115224912175236873146541113712746972798549574811111812212398691638111975233767142187211111232185731687728311122111111725172379229813227613379512211448747651574686111758929495383114465
8337578285756114251281114711112679985187857111441385411111593128111598112214291928911121936779483287111111291232118613226711112222111716659148188824812215135942812571768921798165842314663241458756118393
7912111116891711226688773187111167532197276811111111117995245861113282912111455581112221416764211111111872911222111111111111112332174111888941983569611623953914118342111186265169651516845112777677112756
4231111111146628341411223175461111849267469474115555346133928839188521111119637111222321643411111152668767112111111111111638112322137116984128859966993111892928134188991491421144719119494113944925125169
8431158153118237739971142743937813425364694895851321111111197345137917111322611122233321471111548745321651111127165615538391112221192511115681933629151181111111158178165887739666525815784811667371454442
1811191235311224339144691116317571981646175827757111111111111267167931116971112223333221111221111111131111115828411114757311222211739821962164611139835556889896645574786795117196119813738861117111271817
1911264364964197333973111211111493911111111163681111583691121136145811857911222322222211111111111122111221787391311749581112232117798315511631112142291899388632579959121112391111322891191597211171766213
3311666443166711119261121111119733112111112117441215324367111532694939147112222221111111112994626111111121111145388924111112332148885172759111222123911111111112191656117785211111984941993319193176218776
5111182551489914537416121395111645121129411218631111146499711112537736111122211111388232158444751433285111112111188748323612222111111111111122222148111522211116491791193677611117987749468329692262799761
2971188861116697174114111983214889121898621219714111184466127956645811122211116636782623837781922366315753811112111117111111111111112211111223221167911433746511428116394133892295473186699573567124584547
9531115111735457456743411129864373111131761116735271111912639952411112221117649499325111111111111111182177476411122111111111726736411119911232211141191989615921762664217127243135415156645475111111119117
6116111113314681574936793111758129312143172119434312776111741177411222111383439911111168354638811811111112666211112222138972864335492138311232119136221583879461426526242651111168631362992891169132471454
5232341362115811111116176358111563711115328369982658844134264251112221174625715114142895869383133183128311112761911122117938941111196392112222135529946617627541943269571111111463261445216215284911981624
6465226485331111111111121774214842985511186318511111111149176911222211274414941768462831374111188287277866118748168112211469261796749111122211117761267824553551139531111716394644628682721119886123111232
8954714288641111685341191792233685496981516464111111111112427112222113366189511633365591111119561345311111192481173111221119839421111112221115254587779754662619547441138311941532446111224513192778118813
4599258189851111241892179631111111111421579271121197191214619112221168718252978277992111221141484311151511561823311721122211537934111222111581918551111252388639849613111311115357211111323499277767997795
4349941162183111719798632341111111111111118779121759461119941122211691192259814914461122221644569163495898451111114235112221371615111111196797131611921116642636849796111111714427149219116365835467477821
4687413287417711115321453823112971222111163299121113811128471223212823111663815217411223321149968799951449681187511994911221115535824112782283527661663611318559672662176315873931368382111524666817381759
4538117162728236911115231863111182774941114514112198611136211233217144111121847141412233322117931154511992411796593142541222211141268911249782916811566611195885794311111175231714516194115185216111111194
8812132877429654586681485343411115513826382516211111811485312233217715381135911476612233332211111111111981111144787875941123222111111111119619625786126278136788291181281117497513782161198149641868751172
8141129741118644495765115221778611111125881845611126811863712333216958612745194736311223333222222222221389611495466461239123332222222222211136263322313718113559116822517111157365549259594164613113341138
1441163441218475291111116613768192686184298187737346111158512333211691112521335134191122223333333222111111111199981139277123322222222211111525166174885287914355118171513111142936313678149623712868811516
1911171261212845611115373123566597213271119394371349271871512222211111111111112376163111122222222211151112219955313111972123321111111112485913688246289535213588478141121111357475357341471152399778657766
7891179261114712111393362212341921111111211111163654151388112211111164197611119536453193111221111111681412211412362111358123321213276858232831134665112715116571178331111131819829891111111493777776683771
6331155711188341116814498158991111222222222222111194338259212116264968267863111175154421511111583899771112221912714111819123321196283698611111111194411449168114249758654625412111111788811118582714619537
6149111111862324111884111922211222222111111122222111959888511158211199817992711111249899516341133111127212221112695811886123322135679399831578338117231111171569427467148935287118584981882111237737757535
9847311116776158911111169557112222111193892111122221113811115211111517311896654811117143361567363133272611111199851711432123332111792182668163269218687367765669111111118295471176641889511119671111162816
2428188544117933385734916751122221152846657249111122211112211111145254117442256679111116624778448647111111411837433113556123432221141289816685735511162628186111111123811159181586262331111624571193111632
1336497554114964952994497251223211527411111112766111122222213361446891118611165592351111111111111111111116311853411185633123433322113184561886451112871376323175589734251172671247961111944147631225671141
6373345771124711685572878511233212162156213511721855111122211232493629117474733756373311221111111111111167119817111978341123332222211623544511115156774728975131198158111495621685429178466584315975411124
4955297481227911372229783511223216714178853134273484475111111111211912319838616326495111211393768647259781111891114862511222222111111113449916633449311124284114939311138693521844124111111177992875811978
8848778611798911997518643481122211522391111111193555894397793876645111981922437971111121117788712246994611118681187974412232111125425766413817971111112111349911535189778699537657511112811111216941916674
7989724911111111815183995653112221165791122222111167836216484811164897171315111111221111579392395862885281122211568994112332115592739311111111128887122221118225169861425575513627111218422116992783546667
1175946211112114161174851824211222114461111122222111169553588868219168111111122222111975147177777261588321149918952933122332161812886111131851181192123322211133511188131111111132115971441133756294329255
3557619374111132571113351953261112211193453111122222111111111111111111122222222332113451421341111134586431993241474411123332131316358119927711273971123333222116149458111111111112411393168967757911193659
3516511841458258681597111552833611111111141983111112222222222222222221111111112232111111111111118514584811455236563112223432111917828153335119695111223333332211474871185255594114131119633375231116111376
7712931114563431421248211361528467621111111358474111111111222111111111593184411222222222221111716156111197694981152122333332221831292862861155226112222222333221179511529425541117146341111921111164931198
8991161174973231751179111197198284944473984817164338137621111194497321349155321123333222111581852111113111187121311122222222221994163894115823981122221112343322114911795129111187156271962245315656281272
1993647115793164871111114171111111246184218133739163392263365511111111141824835123322211112912191115659411151424112211111111111136716711123514511222211812333332214511513941179394396111113484124585711928
5318728118187111763811136531111111167951611111113739546644131184537911816634111122221119156875111235311156328711122114966792485446392157994216112222117812222223215491341418197811111111111234275545324543
8817213111486391166239846911611971112598911111111484225154149429783119262151111222111694188611627351111593136112211171843371243415936584579611122211182912111123211211371167497111115879761877175295422774
7211159111574365119172299112513511116813211329411118112111113826141181841111222111132778721119575111223154971122118334646111111136122473441112222119567111176123221836824457511111962834147331466653631127
8511134116645118117859113115437412172722971462731156811115123136119464111222211172551611958537311925614259111211164811336393111458688591111222211114343111846123321441132542141118136936844112565111185299
9761611187812113119671641114198511138324588168511792111893469811891811122221113934891183235177117341137721122111452111111116198157151111222221113431731112416123321581872111179111165615595782411161111494
3769362619613911111221531617672111727111111297539986112769631182121112222111264422282111117271958114835111221189239875737947626111111222221111259113691119784123321223673112198941111111158786112333621155
6946713943822261845262783729971166553111111851533761113321118145111222211194696415818312218681111314911122221643636555794111111122222221111326931318311151141123321655411122117887529851365784118996571161
1161331859193336114778494424554744711141411125432151183111281211122221114437858412116112119977849594112222221111111111111122222222211111641664113168111193541223321221112222219983467811471934181457421121
8914114195747868367882833779567219591479612113277531111629142411222211757392161276728121147727694711111111222222222222222222211111111884344671117421111797231233321111222333211354111111117938812281171188
8639511813131377418443163399616972571219712112191383959762891112221113675813771521111111152785111111191971222222222211111111113717469545911117356111118473311234322222222223221819111142841435197365111622
5929461332165162615869191111111521115464611172719413599287911222211516491121492932121116117911112229236111221111111115186344776263984347263197831111342851112234333222111123321174112717911182712245158755
6944391179176161411515166913671193469452311763958541751369112222115985116324618331111617461111146655111111111769253892686471111111111771933921111114942411122333322211198123322117111779444625141125173673
2947651112195112711173542562531183371624817935179111186341122221183941113739122711123362811166325111111112194966884597221111111111111112264111111613881112223322221114289123332146111512258365896277626751
2218141145116714411138929313311911943362238331163574197811222211526411986511335118323761111441721121116368672613249111518878126981312215851116282684111222333221111227851123432149811192347876829311115392
6281111388119217759111364121111528264175918211923572144112232116334115166116451139447111112783111111656927971311655111514885535599812113735554661121111112332211776433827123432168733631885567799416311563
1834111163611112613494111111519727146612317911134171131112322131921122611111111679569111159641121198354757411589711146521119776634111124358449557111112312322119316351142123432139439922224626537143821982
8771917379711122712962957761913741656711655311225941241122321158791661111391867751114111775711211275441116216343111727777544226911119434646988131112185112221115114971192123432122474521111137157156721796
2375513146558723322458826677537711114911166911921811268123321948712465114126824313637111214112217943215546111591128813138641111111221948965859111116791122211433114551182123332142491116182641138887837844
5432117274158354112826111657357111981181316181111159771123321271985653119342496611961113921122117227116311152411741545411111111141186741338811111645711222118187911421149123322161811762967231122729663631
2331629113677485351677948611192211866111254939991315891223321636362892114239132114881214471122148481153641587311526142271586481187695441711111167412112221188151611121421123321117117137113411741765281112
3611191112462277441126887321272981111185922586922392891233321577356553111619461192941217341222136451618991787417655711157831811116111111111174919111122211215598912111741223221338112731281115642782459662
7591551147981967193111195111435751836794716919328778351234321339111112811186111179911211171122137741186941616818327531814169811111111111577919781112222117156934111111321233211582317487758495613111111547
8511111181511466191581111112585921172959465131144597891234321759421118478111112869711116532122111123115531141413821741138781111731677829911133671122221159152611152419711232217339511721854778111234311978
5868384232716241129637819876581524433545261111411957931233321485676115881312321161725119351112219637411313139417291111111111173437561111125821111222111379368411849432112232114315411117981911731629118854
3247947794111519152418155116357681812232311134211643491223321455311117983219887111527111312211211722991111114911271111111741851114117128116311122221139921849911155146112322148477861143796117397171139829
3828165931142351144172159283486891149617427118581168571123321481111173411111111118472311163681121131469311454318752163256942466548852775481112222111485415861931114771122221132161112862211184273618989922
8375633311182611322362111391194941111112651911111152792123321114115951511613711436889411113597112113118712744115816518111111219114142848111222211125798183611111126211222211883111111128211466553642766972
7611741795111111597412319821185711181677885733774879384123322163111898319626865344178247111666711111118237376964219111118621113578914111122221111151349298119369388112222113521113172116611119782211274728
6317292827113944323118711542911111755791445546616976814122332116611128441511318356112996481111851122211118911681192551392478465571111122222111874111121645784214591122221166461121943111421111111158376989
6111543516625876411537816522127997624161111179111114982112222211921133571359115632111591592611111123222211111983462374745451111111222222111199119634811956822579111222211338678144292111145751419441111318
4179251363242527188217113113646151441924254445151561116511122221992132769568911444711171386195111122222222221111111111111111222222222111148728263225911119574691122221115874618114665691197537226511621661
5111133211312891169711114734329362111259127491551719115517112221139155187141511124741111835181377111111122222222222222222222222111111172418925111194211545139111222111268386697115717841196785333612231198
3428461174167149111117657768144313731112588699621111162344411222111336113646521111244181117311361776345111111111112221112111111119951431915611111885811456111122222169882882111115451111141318665158931167
2328911159819141311295244178845921983111111111111136115746171122221118111136734111115789114897211119511553473962111111511122531563695395911111113742114261112222211158188111111891735311883195455597761138
7543811818664141671195221737684715912134427194427235768658659112222111122111439141111111115938889761111111111157515987795711111122168311112111376114879111222221113562111873113592885278746951249786311195
7682831188674141119285771119521127115435111368964517779516758811122222222221111432959111125388996411927391221729411111111111357594911112211128722162111122222111626711326551129871756591681661198814311881
6169875115712912643384884111119422527148411295912111111311986285111222333322221111715996696475411111111111111419153191111582531311112211114817531111122222211181734143592724618678623291698862172731141942
7373164911189313849645618494432736711111111158351955821111847312191112222333322221111156424385487771111111423267488784179621111112222215919211111222222221117156611656478261569934111111161371111111494945
8615111323366587451111111342948365145338211461359646255437433916439211112234333322222111111199171957912358267173172111111111222222333211111112222232211111727561611111135644429111115876354322252698874931
3166311172671556711758983617237941677916258932186696189516447866296267211234444333332222222111111111111111111111111112222222233333343222222222333332114749268593369183495317511119469673549771537811111263
6144881858725813721161552755118872475292749483371361126694679113243281391233333333333333332222222222222222222222222222333333333333333333333333333332148962191594489354111116261115314561112374126119151796
4916641111144181856111126331313416211111111111111111111111111111111111111222222222222222222222222222222222222222222222222222222222222222222222222222111111111111111111111147464111111118215125987117991945
1525221175119381147816111114561898664469811111111111111111111111111111111111111111111111111111111111111111111111111111111111111111111111111111111111111111111111111112111549735815676294586312791184717955
6851951821183281413277172273812715144979534614867825171727382343126315973317552526659983119334568812448112776132866757335132235326778218227327463637242721322936114228637153197947831111111115651165734819
8593115619511798126712752644213226172311931727561111111166411711115199815772251111842821281911111344163443196247139722231111172113512964111269952227512111111118445629111111177376311286864511253145242964
3718537823911111191796141115249571988874119836119593111115511123611111227611111111111391331157817111862768461117773618111111111128925111111111159744711111184611131571167861115125119271126171963118564878
4363234645685511129685422411117171447154211831111112431119113369581135895186742531121283511892625119359715713782113541125491849117391193861984118863711168914557838659623492117467112721232111183892736746
7973817746262466779988217539116211111713411381278322111148161471111776779187168811111649212576667183964351317184117151178574714161691113339392133271113379784415369381167792616154411118719839622988378164
4545135539398775521193327111184161116178116916199626194719181111594339525275111111164341273399522617245631117853311697115792928167811881616317931159111982311398618227329657318496191143519656318142944621
8861531151415223742561136431672141861141196921866716512281732232744917599563111354717892351681756711111183841165122781141776243192552897811351373577495711142487987477964257599493735814825815113111113552
3971143177151486338839511212252588931231322317481334131462861344678283866892156791951887121226567111146911445424368412197683936169397561211111145625945814916439611451358119118261344117168454731182211874
6591919633277147421561681211235111111181898187384411111111113881144111111976988155692111111111262118354331729614176564876556759144553711643574511112496117131711923116325113894713156911872919294982411792
5321449891641139715797711477373594367366111161345881577833311276115461221115593712886589854111897716694557141813598728122561861194237147644635287115221113517311919111169198155196525871131521336424311813
7851157182421777121141113557124324436362461129678342789179116432151127721117977591116179441118538569622242392781442762375364968117547176935958111119425311167115815761111199571111327111855292185495119611
7451111111115588512111173389328111111111176758649391111111796853926811111158115435482111111242883475892716613814111111111799115991111194952885454231281149111167152264244116163959811553899612411111142169
