99999999999997697312135416991495382019152424990483160618225671876300670795898948356501396624956020276577430419495541467451305026592985034116987657217056289317651083142078128149
99999999999966765992079441210686078601349726482168424754380204547279563045345836661389526985271040123281801395214751578460070922106967820476601422544296804924858987329168485984
99999999999995919999179399174951179522073143222622839570345672071158845057591700738903034137547886977481132324152584712818202816433592973683262533103001348617388788481188910184
89999999999999999999999991761102904712886933246890961587535776665823174067962257421531507602769999992016694467141377433112326558599002065141302576950320550620667365699700037030
29999999999999599999993113734672403514901166557712597513802760297340034838425941639999999188999999995781599999975893790997265696764773402277734194914353816621283666334998319479
33199999999937099999995340864383129758255290080845601970093949919064193224322145759999999999999999999999999999997549469997234150722540483550712651692299302101352910430129478740
79999999999921382499997801854861125216607384334491989520896298718955357599999999999999999999999999999999999999999999999999871142658945252174651267052240568135574958649781525183
64499999956777971817123694383045037548525679439213040074123993330124035159999999999999999999999999999999999999999999999999975787995970009001389554353005142219892899788589069698
01999999923411936925418261579916249249460410105213309626084439541399996999999999999999999994245799994075299999999999999999999497159677921812567855112705722120099907663499125750
59999999943226085747139284071102589135606191222012952328602882999999999999999999996311399999756319999279399999949999999999999999999999331646887114611685790178610173455327074362
99999998868633715755698248248920137311468473998879180090466139216999999999999189999911179140498945215913107969627460999999999999999999504712406280046689953964476776420986092124
99999992689990299938751687864868046695601670819429291528987411747999999999823931820354592229650975753121806855015675999992999999999999972289967027336287281210646367564753927148
99999999999999999542692513773693669359819276782110926571359999999999994999938448298089555177730756902873865090599520599972403499999999999975243525002202494523778675740501176850
99999999999999994756304806514470087273797323859688141853989999999999949725112594369516797122477778241944805068616431971591415499999999999999999917762833855939071803332124495743
99999992119999996920396373959942403522479417568058102532739999999999991874099300236469560226725810676320000457066469760941566999999999999999999953771861215779146840013731414061
99999994114166150865836246071108379455652783336046461386999999999995635987540844639921920066574349717572287459973770628394847849877732999999999921837488329942547571076484040136
99999998637815317935891432326116041368835586061943352999999999999676461000263830717802008437841265898220578211097832866067676823823522299999999965360699519770770234090596868455
99999928161017958992199470818803294696752535497372999999999999997414322484970039098776121841315481716207989138174617587673631593675222699999999993995456317110626001535356533288
99999949396881003994832304650914368616264069818563724999999999686255345273058519659973663874112463285405063469022873126963420112991799999999999999999999975494425891439241257271
99999928231126683326917868225622666473206752585217382999994383519812402300416103256563525721272457274667753900156816207452228231421294999681999999999999999013229365340240478614
99999979994699923450635735165694744003232429943912999999987919414563856780915492786002599967999746656081810429608693263874398249758886169647779999999999993043579185456210614064
99999949999993503800383092641716901862119728131884999999999199390215624170105233957999999999999999994235584420500528027402353233028718851885933999999999951903756419892911000887
99999999999999825610125739481770477049338624214942699999321242446756471606161629999999999999999999999284482770125491457663489820418528694042733999999999691986917747644813661910
99999999999999379682698521584465775188817319325778799994784863771753734072539999999891603269849899999999946721625349522926514344715886312615599999999999828817499033123140707635
99999916899994071446481219040278631965456530972359999999960300835518488229999988017894593009743683939999999942883979773112484328280518205243099999999999999954222962247752695530
99999991195727916930006400538622818811203658917499999999938648109030204829999175878614034022145436793999999992311105137416478777551636016697811981939999999299999835828084382043
99999917281550937998425873945842077465764815882999999999127998204221342999987649128751375952700371445559299999792321050305717078122426216340886932102999999999999960611971108269
99999996098706863199023107430768268239699220435968999999258965702657015999995059468888884114704747080394399899999733076956659744473366628205963371510699999999999995101202736021
99999965647347990243273909041345358062980370885114999999941537853737339999695483888999999999283851300856774649999921880277056688476635736740739503371599999999999593451263303288
99999916992929999330665297535594050486988072380099999999213684435378019992001568888863714199992873291332238999999909272345244616160554239448411892699999999999996668250271132326
99999910999999412971589238440182985871076385078439999999623638291598949991109088888888809777999638990479802397799999101564667810156252296059264889099999999999955179792170074706
99999999999999998585503269155676053206971259231993729999937042771988719998610488888888884538199999426954634946799999832267732319261186951648557487072495899999999999165964231977
99999999999999982556017987554317732486560200734123199999994446509793003999032448888888888593329993588590838526999999287361974307037415512317605876748947339999990999992934880249
99999999289995011494225347009061040923934676976034999999344419507576570499931786888888888460619993689966508627485999895738760370176983399353033099537529009999999899999941951000
99999999974767374959980862724371777855101601783388999999999194005301937599998271783888886819869999403869424839977999995701366550059635840259554372497137659999999999999996153700
99999999922562669015980502200845424430004623524153374239999999364877887005999999999998893662449996368922498539699999996282216038536962682382196938198597245999999999999994967282
99999999970447190892882326333486735038571119345829941899999995151460299704332688888429614626099997316785727634499999966325114564141161448336568366483979299999999999999940446565
49999999995195026998209898807461081206863945327638191899999999947548802483318458866243182321999949787422108619942399991910606984652722863301991807077023999999999999999276623125
79999999995299913999570411807098733577478796456140691962219999946165818530958843844990398499999953709647876530245999999477316898486078296582969399851571499999999999911676871153
32739999999559999999682230470397823886798873995413974015139999999997867113809372987578945999999796335187617877999999999134238327657682209255703186972807399308999999995686911729
65729999999999999999869799378451485473752606478138535269779999999991299292802048972992999999924098988876262509938999941128579750080027992777662875740882281889629999999998896894
12951999999999999992433499639597673992901819691956297082530800499999999464999999599999999992457114094694579399968999964424818300278897558453539683683406100904691999999999937438
11699999999999734737354411347802147789721959848352381315500712899999999999999999999999961797658408983347500224889999999482256193491168481158099662789499753550902699999999999824
53999999999999990486531422616556664804824026216479276449099160136653899989999999999549613603397867012905598249999999999708758070806639870813581171802797719103861599999999999993
31999999999999995654821749150712000184156841311115830999882294187363326611299225112727834536290482577724125121999999994618900478488490786232839968108583184119293899999999999991
02699999999999999398514799467865524616227142770559386630091508529016735782040211272990621614524008390179811978999999391687278431174031295182331524570260802999999999999999999906
67981969999999999998999999999359707182603050431916510916351399912823816967924016973629030538699225324432779999999999486967297154560027310406224281924927063999999999999999999883
46399791099999999999499999999341759248094017730650461669733987140096023868893861663430345083271852709600499999999999423265865289843505954645519970939215974799999999999994993712
25569999215989999999999999994779273199175957535991868444858821898387984885424690087529754765795757498924589999999999100154162826117068098984374024092682769997239999999973124589
95803464868759999999999943160086576862273272947606520037280502919053237337150311762192164137516657602515199999999992036444206884596729867159228296185372789496693999999973443614
13579905183677999999999999467641434932357473107099429090758181390824280385266675148484663208321695929999999999959873340161861756163975619744828705792652807336123999999686999118
38841549381739999999999999450268424998709209057754759482566527299661015798888712734363749633349983999999999999933177831717569868519678499759079015827969132694784999999382891121
46789152501259999999999999999118999999959200981852587794994107629826740699087851045899739229989299251999999999999976792474260201016463069869696004488196545715119999999654999996
51729677189819999999999999999999999999930792313993318737643921995695404906791637045946719672748953276999999999945754424669346475403199662216460346345107557322129999999999999999
80951622095432499999999999999999999999954154989270335423126577446909845202794985087987642799999992699999999991964431385186521171465810100219214133921456703599999999999999999999
66876695834904633691859859999999999999999446889999936631896564939373700041651197067421079490999999999999965715747498274963785617460553968999552456100475699999999999999999999999
64620115829792383999439871999999999999999998299999992198792111672686638638278224999899910246299999999999778401554603967353303313183336246085394528153359692999999999999999999999
64555842550600789423456211799999999999999999999999950945449999983499649969980214159999999999999999999999896787290741400409756791997563531293791742689167100999999999999999999991
46053988329494695633872104299999999983999999999999994146933899992033795899999711599999999999999999999993789549744509242320549197881179759253595608851867799970699999999999994481
43687824759383942937175230199999999993749999999999999999999999999369815999999999999999999999999921094217351011394827554411168411029706422182192781473624891177385999999998079553
44115300352933456199849227819999999699969199999999999999999999999999999999999999999999999999992351672519936058597502454326406522440927732051160316719637380993569399999999923305
84041203107249414119999933256634999896291999999999999999999999999999999999999999999949999999999997174747582439492605483244707373792255497328814772929354283359814591899999999804
71464039748527339223814282312545499920702799999999993589999999999999999999999999999957729999996132664276762822532436858156585125629235705740129594192082238345649745799999999932
03194781107478066025696747384561429529438079999999989951189999999999987199999999998226477014263192373740385773565963771418936733611451401785608697305921721613784825695999999954
49303702831035207796473550601747884717179591999995999243789999999998988572999999999960125132962913989696934803198405211016702406626024420992299763704048728787031899998999999992
64079216728692957428034578415732076798279367647587993336396999999942784388974989339962913189735759037162314815127001280877571176559178371030349325585579999999129299999999999998
59825430889181591448659236406817789656966596034171999895977741442599427125172054724576629250413041844751139299429104480421931892454985888683054373553299999999916799999999999999
37350567937279347338525163694533167567310512960872015677161331691777752749524054726159083324865415318809708240408463004991589604629375288108823067328449999999299999999999999999
07324436415664527242205703024494571703917074798425000591074760906266194294852870737630148473498127204650212956360948706613799431980536238487052583401359999999999999599999999999
92697528811727236315193224108895723015531018802475783578989574031539848331627353473063442579376727345268534506439096521876767724927279911421913429799994609999992960999999999999
06258190233628301927035566392802714338505536018789056189239277508129958493233589459814649384477682850401313067737517501912430242016671443441596919995499519999831352399999999999
13241662397915903006948681407831237279590374281303119814771961553327485522586827968701046459479065176064505000205603110731807061615926435179999669525238316749927863699999999999
